 1     2     1
 1     2     4
 1     4     1
 1     4     2
 2     1     4
 2     1    20
 2     3     1
 2     3    14
 2     4     1
 2     4     9
 2     5     7
 2     5    18
 2     6     3
 2     7     5
 2     8     9
 2     8    11
 2     9    11
 2    10     9
 2    10    20
 2    11     9
 2    11    20
 2    12    13
 2    13    12
 2    13    20
 2    14     3
 2    14    25
 2    15    20
 2    16    10
 2    16    20
 2    17     9
 2    17    10
 2    18     5
 2    19    20
 2    20     1
 2    20    11
 2    21    20
 2    21    27
 2    22    10
 2    22    20
 2    23     9
 2    23    27
 2    24    20
 2    24    26
 2    25     3
 2    25     5
 2    26    20
 2    26    24
 2    27     4
 2    27    20
 2    28    25
 2    28    30
 2    29    10
 2    29    17
 2    30    18
 2    30    20
 2    31    30
 2    31    32
 2    32    30
 2    32    31
 2    33    25
 2    33    30
 2    34    10
 2    34    20
 2    35    28
 2    35    32
 2    36    20
 2    36    24
 3     1     2
 3     2    17
 3     4     2
 3     5    18
 3     6     2
 3     7     5
 3     9    27
 3    11     4
 3    13     2
 3    14    20
 3    16     2
 3    17     2
 3    18     5
 3    19    35
 3    20    14
 3    23    13
 3    25     7
 3    27     9
 3    28     2
 3    29    17
 3    30    28
 3    31     5
 3    32    14
 3    33     5
 3    35    28
 4     1     2
 4     2     1
 4     3     1
 4     3     5
 4     3     9
 4     5    20
 4     6     5
 4     7     2
 4     8     9
 4     8    11
 4     9    11
 4    10     2
 4    11     9
 4    12    13
 4    13    12
 4    14    17
 4    14    20
 4    15     2
 4    15    12
 4    15    13
 4    16     2
 4    17     2
 4    17     9
 4    18     5
 4    19     2
 4    19    12
 4    20    26
 4    21     9
 4    22    21
 4    23    24
 4    23    25
 4    23    26
 4    24    23
 4    24    25
 4    24    26
 4    25    23
 4    25    24
 4    25    26
 4    26    23
 4    27    22
 4    28     5
 4    29    17
 4    29    27
 4    30    31
 4    30    32
 4    31    32
 4    32    30
 4    33    32
 4    34    16
 4    34    27
 4    35    28
 4    36    26
 5     1     2
 5     1    11
 5     1    12
 5     1    15
 5     1    20
 5     1    26
 5     2     1
 5     2     9
 5     2    11
 5     2    12
 5     2    20
 5     3     1
 5     3     2
 5     3    20
 5     4     1
 5     4     2
 5     4     9
 5     4    11
 5     4    12
 5     4    17
 5     4    20
 5     6     2
 5     6    11
 5     6    12
 5     6    20
 5     7     2
 5     7    12
 5     7    14
 5     7    18
 5     7    20
 5     8     1
 5     8     2
 5     8    11
 5     9     2
 5     9     4
 5     9    11
 5     9    17
 5    10     2
 5    10     4
 5    10    12
 5    10    15
 5    10    17
 5    10    20
 5    11     1
 5    11     2
 5    11     8
 5    11     9
 5    12     2
 5    12     9
 5    12    13
 5    12    15
 5    12    20
 5    12    26
 5    13     1
 5    13     2
 5    13    12
 5    13    20
 5    13    24
 5    14     2
 5    14    12
 5    14    15
 5    14    17
 5    14    20
 5    15     1
 5    15     9
 5    15    12
 5    15    20
 5    15    26
 5    16     1
 5    16     2
 5    16     4
 5    16    15
 5    16    17
 5    16    20
 5    17     2
 5    17     9
 5    17    12
 5    17    15
 5    17    20
 5    18     1
 5    18    12
 5    18    13
 5    18    15
 5    18    20
 5    18    26
 5    19     2
 5    19     4
 5    19     9
 5    19    12
 5    19    20
 5    20     1
 5    20     2
 5    20     4
 5    20    12
 5    20    15
 5    20    17
 5    21     1
 5    21     9
 5    21    11
 5    21    12
 5    21    24
 5    21    26
 5    22     1
 5    22     2
 5    22    11
 5    22    12
 5    22    20
 5    23     1
 5    23     9
 5    23    11
 5    23    24
 5    23    26
 5    24     1
 5    24     2
 5    24     9
 5    24    12
 5    24    17
 5    24    26
 5    25     2
 5    25     9
 5    25    12
 5    25    15
 5    25    17
 5    25    20
 5    25    24
 5    25    26
 5    26     1
 5    26     8
 5    26    11
 5    26    12
 5    26    17
 5    26    20
 5    27     2
 5    27     9
 5    27    11
 5    27    12
 5    27    15
 5    27    20
 5    28    12
 5    28    14
 5    28    15
 5    28    20
 5    28    26
 5    29     2
 5    29     9
 5    29    12
 5    29    15
 5    29    17
 5    29    20
 5    29    26
 5    30     1
 5    30    11
 5    30    12
 5    30    15
 5    30    20
 5    30    22
 5    30    24
 5    30    26
 5    31    11
 5    31    12
 5    31    13
 5    31    18
 5    31    24
 5    31    26
 5    32     1
 5    32    12
 5    32    15
 5    32    18
 5    32    20
 5    32    22
 5    32    26
 5    33     1
 5    33    12
 5    33    13
 5    33    18
 5    33    20
 5    33    26
 5    34    12
 5    34    15
 5    34    16
 5    34    17
 5    34    20
 5    34    27
 5    34    29
 5    35    12
 5    35    14
 5    35    17
 5    35    19
 5    36     2
 5    36    12
 5    36    15
 5    36    17
 5    36    20
 5    36    26
 6     1     2
 6     2     3
 6     3    14
 6     4     2
 6     5     7
 6     7     5
 6     8    13
 6     9     2
 6    10     2
 6    11     2
 6    12     2
 6    13     2
 6    14     3
 6    15     2
 6    16     2
 6    17     2
 6    18     5
 6    19     2
 6    20     2
 6    21     2
 6    22     2
 6    23    11
 6    24     2
 6    25    20
 6    26     2
 6    27     2
 6    28    14
 6    29     2
 6    30     3
 6    31     5
 6    32    14
 6    33     5
 6    34     2
 6    35    14
 6    36     2
 7     1    20
 7     2     4
 7     2    12
 7     2    20
 7     3     2
 7     3     5
 7     4     9
 7     4    20
 7     5     7
 7     5    18
 7     6     5
 7     6     7
 7     8     1
 7     8     9
 7     9     1
 7     9     4
 7    10     2
 7    11     9
 7    11    12
 7    12     9
 7    12    11
 7    14    25
 7    16     2
 7    16    20
 7    17     9
 7    17    12
 7    18     5
 7    18     7
 7    21    23
 7    21    24
 7    23    21
 7    23    24
 7    24    21
 7    24    23
 7    25    24
 7    25    26
 7    26     1
 7    26    11
 7    27     4
 7    27     9
 7    28     5
 7    28     7
 7    29     4
 7    29    27
 7    30     5
 7    31    32
 7    31    35
 7    32    28
 7    32    30
 7    33     5
 7    33     7
 7    34     2
 7    35    19
 7    35    28
 8     1     4
 8     2     1
 8     3     1
 8     4     9
 8     5     1
 8     6     5
 8     7     5
 8     9    11
 8    10    20
 8    11     9
 8    12    13
 8    13    12
 8    14     5
 8    15    20
 8    16     2
 8    17     2
 8    18     5
 8    19    20
 8    20    24
 8    21    20
 8    22    20
 8    23    26
 8    24    20
 8    25     5
 8    26    20
 8    27    20
 8    28     5
 8    29    34
 8    30     5
 8    31     5
 8    32     5
 8    33     5
 8    34    29
 8    35     5
 8    36    20
 9     1     4
 9     1     8
 9     2     4
 9     3    20
 9     4     8
 9     4    11
 9     5     8
 9     5    11
 9     5    20
 9     6    20
 9     7     2
 9     7    20
 9     8    11
 9    10    20
 9    11     9
 9    12     1
 9    12     2
 9    12     3
 9    12     4
 9    12     8
 9    12    10
 9    12    11
 9    13    20
 9    13    24
 9    14    20
 9    15    20
 9    16    20
 9    17    11
 9    18     5
 9    19    20
 9    20    13
 9    20    21
 9    20    24
 9    21    11
 9    22    20
 9    23    20
 9    24    13
 9    24    20
 9    24    21
 9    25    20
 9    26    20
 9    27     9
 9    27    11
 9    27    21
 9    28     5
 9    29     4
 9    30     5
 9    31     5
 9    32     5
 9    33    20
 9    34    29
 9    35    20
 9    36    20
10     1     2
10     1     3
10     1     4
10     2     1
10     2     3
10     2     4
10     3     1
10     3     2
10     3     4
10     4     9
10     4    11
10     5     1
10     6     2
10     6     5
10     7     2
10     7     5
10     8     9
10     8    11
10     9     8
10     9    11
10     9    27
10    11     8
10    11     9
10    12     9
10    12    13
10    13     9
10    13    12
10    14     1
10    14     5
10    14    17
10    15    12
10    15    13
10    15    20
10    16    11
10    16    12
10    16    17
10    17     2
10    17     9
10    17    11
10    18     3
10    18     5
10    19    12
10    19    13
10    19    20
10    20    12
10    20    13
10    20    21
10    21     9
10    21    11
10    22    11
10    22    12
10    22    20
10    23     9
10    23    24
10    24    11
10    24    12
10    24    25
10    24    26
10    25     3
10    25    24
10    25    26
10    26    11
10    26    24
10    27     8
10    27     9
10    27    11
10    27    29
10    27    34
10    28     3
10    28    17
10    28    20
10    28    25
10    29     4
10    29     9
10    29    27
10    29    34
10    30     5
10    30    25
10    31    25
10    31    32
10    32    28
10    33     5
10    33    28
10    33    31
10    34    16
10    34    20
10    34    27
10    34    29
10    35    28
10    35    32
10    36    24
10    36    26
10    36    34
11     1     2
11     1     4
11     1     8
11     2     1
11     2     4
11     2     8
11     3     1
11     3     2
11     3     4
11     3     8
11     4     1
11     4     2
11     4     8
11     5     1
11     5     2
11     5     4
11     5     8
11     6     1
11     6     2
11     6     4
11     6     8
11     7     1
11     7     2
11     7     4
11     7     8
11     8     1
11     8     2
11     8     4
11     9     1
11     9     2
11     9     4
11     9     8
11    10     1
11    10     2
11    10     4
11    10     8
11    12     1
11    12     2
11    12     4
11    12     8
11    13     1
11    13     2
11    13     4
11    13     8
11    14     1
11    14     2
11    14     4
11    14     8
11    15     1
11    15     2
11    15     4
11    15     8
11    16     1
11    16     2
11    16     4
11    16     8
11    17     1
11    17     2
11    17     4
11    17     8
11    18     1
11    18     2
11    18     4
11    18     8
11    19     1
11    19     2
11    19     4
11    19     8
11    20     8
11    20     9
11    20    26
11    21     1
11    21     8
11    21    26
11    22     1
11    22     8
11    22    26
11    23     1
11    23     8
11    23    26
11    24     1
11    24     8
11    24    26
11    25     5
11    25     8
11    26     5
11    26     8
11    27     1
11    27     8
11    27    26
11    28     1
11    28     5
11    28     8
11    28    26
11    29     1
11    29     8
11    29    26
11    30     1
11    30     5
11    30     8
11    30    26
11    31     1
11    31     5
11    31     8
11    31    26
11    32     1
11    32     5
11    32     8
11    32    26
11    33     1
11    33     5
11    33     8
11    33    26
11    34     1
11    34     8
11    34    26
11    35     1
11    35     5
11    35     8
11    35    26
11    36     1
11    36     8
11    36    26
12     1     2
12     1     4
12     1     5
12     1     8
12     1    20
12     2     1
12     2     4
12     2    20
12     3     1
12     3     4
12     3     5
12     3    20
12     4     1
12     4     2
12     4    17
12     4    20
12     5     1
12     5     4
12     5    14
12     5    20
12     5    26
12     6     1
12     6     5
12     6    20
12     7     2
12     7     5
12     7    14
12     7    20
12     8     1
12     8     5
12     8     9
12     8    11
12     8    20
12     9     8
12     9    11
12     9    17
12     9    20
12    10     8
12    10     9
12    10    11
12    10    17
12    10    20
12    11     8
12    11     9
12    11    20
12    11    26
12    13     1
12    13    11
12    13    20
12    13    21
12    13    24
12    13    26
12    14     4
12    14     5
12    14    17
12    14    20
12    15     1
12    15     4
12    15    16
12    15    17
12    15    20
12    16     9
12    16    15
12    16    17
12    16    20
12    17     8
12    17     9
12    17    11
12    17    14
12    17    20
12    18     5
12    18    14
12    18    20
12    19    15
12    19    20
12    19    26
12    19    35
12    20     1
12    20     5
12    20    13
12    20    14
12    20    21
12    20    24
12    21     9
12    21    11
12    21    13
12    21    20
12    21    24
12    22     1
12    22     5
12    22     8
12    22    11
12    22    20
12    22    26
12    23     9
12    23    11
12    23    13
12    23    20
12    23    21
12    23    24
12    23    26
12    24     1
12    24    13
12    24    20
12    24    26
12    25     5
12    25    14
12    25    17
12    25    20
12    26     1
12    26     5
12    26    11
12    26    17
12    26    20
12    27    20
12    27    21
12    27    23
12    27    24
12    27    26
12    27    29
12    27    34
12    28     5
12    28    14
12    28    17
12    28    20
12    28    25
12    29     4
12    29     9
12    29    17
12    29    20
12    29    34
12    30     5
12    30    14
12    30    20
12    30    26
12    30    27
12    31     5
12    31    20
12    31    24
12    31    26
12    31    30
12    31    32
12    31    34
12    32     5
12    32    20
12    32    31
12    32    34
12    33     5
12    33    20
12    33    31
12    33    32
12    34    16
12    34    17
12    34    20
12    34    27
12    34    29
12    35    14
12    35    19
12    35    20
12    35    25
12    35    28
12    36    20
12    36    24
12    36    26
12    36    34
13     1     2
13     1     4
13     1     8
13     2     1
13     2     4
13     2     8
13     3     1
13     3     2
13     4     1
13     4     2
13     4     8
13     4     9
13     5     1
13     5    18
13     6     1
13     6    11
13     7     2
13     7     5
13     8     1
13     8    11
13     9     1
13     9    11
13     9    21
13    10     1
13    10     2
13    11     1
13    11     8
13    12     1
13    12     8
13    14     1
13    14     5
13    15    20
13    15    26
13    16     1
13    16     8
13    17     1
13    17    11
13    18     5
13    18    26
13    19     1
13    19     2
13    20    11
13    20    21
13    21     1
13    21    11
13    22     8
13    22    11
13    23     1
13    23    22
13    24     1
13    24    11
13    25     5
13    25     8
13    26    20
13    26    24
13    27    21
13    27    26
13    28     5
13    28    25
13    29    17
13    29    26
13    30     5
13    30    26
13    31     5
13    31    26
13    32     5
13    32    26
13    33     5
13    33    31
13    34    12
13    34    26
13    35    25
13    36    20
13    36    24
14     1     2
14     1    13
14     1    20
14     1    22
14     2     1
14     2     4
14     2    12
14     2    13
14     2    17
14     2    20
14     2    22
14     3    14
14     4     2
14     4    12
14     4    13
14     4    20
14     4    22
14     5     1
14     5    13
14     5    18
14     5    22
14     6    14
14     7     2
14     7     5
14     8     1
14     8     4
14     8    13
14     8    22
14     8    26
14     9     2
14     9     4
14     9    13
14     9    20
14    10     2
14    10    13
14    10    22
14    11     1
14    11    13
14    11    22
14    12    13
14    12    22
14    12    26
14    13    20
14    13    22
14    13    26
14    15     2
14    15     4
14    15    13
14    15    22
14    16     2
14    16    13
14    16    22
14    17     2
14    17    12
14    17    13
14    18     3
14    18     5
14    19    13
14    19    26
14    19    35
14    20    12
14    20    13
14    20    14
14    20    22
14    21    13
14    21    22
14    21    23
14    21    26
14    22     1
14    22    13
14    22    20
14    23    13
14    23    20
14    23    22
14    23    24
14    24    13
14    24    20
14    24    22
14    25    12
14    25    13
14    25    22
14    25    26
14    26    13
14    26    22
14    26    24
14    27    13
14    27    29
14    27    34
14    28    14
14    28    20
14    29     4
14    29    13
14    29    27
14    29    34
14    30    13
14    30    20
14    30    22
14    30    26
14    31     5
14    31    18
14    32     5
14    32    22
14    32    26
14    33     5
14    33    13
14    33    20
14    34    16
14    34    27
14    34    29
14    35    12
14    35    16
14    35    19
14    36    13
14    36    22
14    36    26
15     1     2
15     2     1
15     3     1
15     4     9
15     5     1
15     6    12
15     7     2
15     8     9
15     9    11
15    10    12
15    11    21
15    12    13
15    13    12
15    14    20
15    16    12
15    17     2
15    18     3
15    19    12
15    19    15
15    19    35
15    20    21
15    20    22
15    21    20
15    22    20
15    23     9
15    24    22
15    25    28
15    26    20
15    27    11
15    28    35
15    29    34
15    30    20
15    31    20
15    32    31
15    33     5
15    34    36
15    35    19
15    35    28
15    36    34
16     1     2
16     1     4
16     1     5
16     1     9
16     1    12
16     1    13
16     1    20
16     2     1
16     2     4
16     2     7
16     2     9
16     2    17
16     2    20
16     3     1
16     3     2
16     3     4
16     3     5
16     3    14
16     3    20
16     4     1
16     4     2
16     4     3
16     4     5
16     4     8
16     4     9
16     4    11
16     4    12
16     4    13
16     4    14
16     4    20
16     5     1
16     5     2
16     5     3
16     5     4
16     5    14
16     5    18
16     5    20
16     6     1
16     6     2
16     6     5
16     6    14
16     7     1
16     7     2
16     7     5
16     7    14
16     7    20
16     8     1
16     8     2
16     8     4
16     8     5
16     8     9
16     8    11
16     9     1
16     9     2
16     9     4
16     9     5
16     9     8
16     9    11
16     9    12
16     9    13
16     9    17
16     9    20
16    10     1
16    10     2
16    10     4
16    10     5
16    10     8
16    10     9
16    10    11
16    10    12
16    10    13
16    10    14
16    10    15
16    10    17
16    10    20
16    10    22
16    11     1
16    11     2
16    11     4
16    11     5
16    11     8
16    11     9
16    11    12
16    11    13
16    11    17
16    11    20
16    11    21
16    12     1
16    12     2
16    12     4
16    12     8
16    12     9
16    12    11
16    12    13
16    12    20
16    13     1
16    13     2
16    13     4
16    13     8
16    13     9
16    13    12
16    13    15
16    13    20
16    13    21
16    13    23
16    13    26
16    13    27
16    14     1
16    14     2
16    14     4
16    14     5
16    14     9
16    14    17
16    14    20
16    15     1
16    15     2
16    15     4
16    15     9
16    15    12
16    15    13
16    15    17
16    15    20
16    15    22
16    15    23
16    15    26
16    15    27
16    15    29
16    17     1
16    17     2
16    17     4
16    17     9
16    17    11
16    17    12
16    17    13
16    17    14
16    17    15
16    17    20
16    17    21
16    17    22
16    17    23
16    17    24
16    17    25
16    17    26
16    17    27
16    17    28
16    17    29
16    17    30
16    18     1
16    18     2
16    18     3
16    18     4
16    18     5
16    18     8
16    18     9
16    18    11
16    18    14
16    18    15
16    18    17
16    18    19
16    18    20
16    18    21
16    18    22
16    18    23
16    18    24
16    18    25
16    18    26
16    18    27
16    18    28
16    18    30
16    19     1
16    19     2
16    19     4
16    19     9
16    19    12
16    19    13
16    19    14
16    19    15
16    19    17
16    19    20
16    19    22
16    19    26
16    19    27
16    19    29
16    20     1
16    20     2
16    20     4
16    20     5
16    20     8
16    20     9
16    20    11
16    20    12
16    20    13
16    20    14
16    20    15
16    20    17
16    20    21
16    20    22
16    20    23
16    20    24
16    20    26
16    20    27
16    21     1
16    21     2
16    21     4
16    21     8
16    21     9
16    21    11
16    21    13
16    21    15
16    21    17
16    21    22
16    21    23
16    21    24
16    21    25
16    21    26
16    21    27
16    21    29
16    22     1
16    22     2
16    22     4
16    22     8
16    22     9
16    22    12
16    22    13
16    22    14
16    22    15
16    22    17
16    22    20
16    22    21
16    22    23
16    22    24
16    22    26
16    22    27
16    22    29
16    23     1
16    23     2
16    23     4
16    23     8
16    23     9
16    23    11
16    23    13
16    23    14
16    23    15
16    23    17
16    23    20
16    23    21
16    23    22
16    23    24
16    23    26
16    23    27
16    23    28
16    23    29
16    23    30
16    24     1
16    24     2
16    24     4
16    24     8
16    24     9
16    24    11
16    24    12
16    24    13
16    24    14
16    24    15
16    24    17
16    24    20
16    24    21
16    24    22
16    24    23
16    24    25
16    24    26
16    24    27
16    24    29
16    25     1
16    25     2
16    25     4
16    25     5
16    25     8
16    25     9
16    25    11
16    25    12
16    25    13
16    25    14
16    25    15
16    25    17
16    25    20
16    25    21
16    25    22
16    25    23
16    25    24
16    25    26
16    25    27
16    25    28
16    25    29
16    25    30
16    26     1
16    26     2
16    26     4
16    26     5
16    26     8
16    26     9
16    26    11
16    26    12
16    26    13
16    26    14
16    26    15
16    26    17
16    26    20
16    26    21
16    26    22
16    26    23
16    26    24
16    26    25
16    26    27
16    26    28
16    26    29
16    26    30
16    27     1
16    27     2
16    27     4
16    27     5
16    27     8
16    27    11
16    27    13
16    27    15
16    27    17
16    27    20
16    27    21
16    27    22
16    27    23
16    27    24
16    27    25
16    27    26
16    27    29
16    27    34
16    28     1
16    28     2
16    28     3
16    28     4
16    28     5
16    28     9
16    28    14
16    28    15
16    28    17
16    28    20
16    28    25
16    28    26
16    28    27
16    28    29
16    28    30
16    28    31
16    28    32
16    29     1
16    29     2
16    29     4
16    29     5
16    29     9
16    29    12
16    29    13
16    29    14
16    29    15
16    29    17
16    29    20
16    29    21
16    29    22
16    29    24
16    29    26
16    29    27
16    29    30
16    29    34
16    30     1
16    30     2
16    30     3
16    30     4
16    30     5
16    30     9
16    30    14
16    30    15
16    30    17
16    30    20
16    30    21
16    30    22
16    30    23
16    30    24
16    30    25
16    30    26
16    30    27
16    30    28
16    30    29
16    30    31
16    30    32
16    31     1
16    31     2
16    31     3
16    31     4
16    31     5
16    31     9
16    31    11
16    31    12
16    31    13
16    31    14
16    31    15
16    31    17
16    31    18
16    31    19
16    31    20
16    31    21
16    31    22
16    31    23
16    31    24
16    31    25
16    31    26
16    31    27
16    31    28
16    31    29
16    31    30
16    31    32
16    31    35
16    32     1
16    32     2
16    32     3
16    32     4
16    32     5
16    32     7
16    32     9
16    32    13
16    32    14
16    32    15
16    32    17
16    32    20
16    32    21
16    32    22
16    32    23
16    32    24
16    32    25
16    32    26
16    32    27
16    32    28
16    32    29
16    32    30
16    32    31
16    33     1
16    33     2
16    33     3
16    33     4
16    33     5
16    33     8
16    33     9
16    33    11
16    33    12
16    33    14
16    33    15
16    33    30
16    33    32
16    33    34
16    34     1
16    34     2
16    34     4
16    34     5
16    34     9
16    34    12
16    34    14
16    34    15
16    34    17
16    34    20
16    34    21
16    34    22
16    34    23
16    34    24
16    34    25
16    34    26
16    34    27
16    34    28
16    34    29
16    35     1
16    35     2
16    35     3
16    35     4
16    35     5
16    35     9
16    35    12
16    35    13
16    35    14
16    35    15
16    35    17
16    35    20
16    35    21
16    35    22
16    35    23
16    35    24
16    35    25
16    35    26
16    35    27
16    35    28
16    35    29
16    35    30
16    35    31
16    35    32
16    35    33
16    36     1
16    36     2
16    36     4
16    36     5
16    36     8
16    36     9
16    36    11
16    36    12
16    36    13
16    36    14
16    36    15
16    36    17
16    36    20
16    36    21
16    36    22
16    36    23
16    36    24
16    36    25
16    36    26
16    36    27
16    36    28
16    36    29
16    36    30
16    36    34
17     1     4
17     2     1
17     3     4
17     4     1
17     5     1
17     6     2
17     7     5
17     8     1
17     9     8
17     9    11
17    10    11
17    11     8
17    11     9
17    12     8
17    13     8
17    14    20
17    15     8
17    16     4
17    18     5
17    19     1
17    20     8
17    21     1
17    22     1
17    23     4
17    24     8
17    25     4
17    26     1
17    27     4
17    28     5
17    29     4
17    30    26
17    30    31
17    30    32
17    30    33
17    31    26
17    31    30
17    31    32
17    31    33
17    32    26
17    32    30
17    32    31
17    32    33
17    33    26
17    33    30
17    33    31
17    33    32
17    34     4
17    35    14
17    36    26
18     1     2
18     1     3
18     2     1
18     2     3
18     3     5
18     4     2
18     5    20
18     6     5
18     7     5
18     8    11
18     9    11
18    10     2
18    11    20
18    12    20
18    13    20
18    14     5
18    15    20
18    16    20
18    17     2
18    19    20
18    20     5
18    21    11
18    22    20
18    23    20
18    24    20
18    25    20
18    26    20
18    27    20
18    28     5
18    29    20
18    30     5
18    31     5
18    32     5
18    33     5
18    34    20
18    35     5
18    36    20
19     1     2
19     1     3
19     1     4
19     1    20
19     2     1
19     2     3
19     2     4
19     2    20
19     3     1
19     3     2
19     3     4
19     3    20
19     4     1
19     4     2
19     4     3
19     4    20
19     5     1
19     5     2
19     5     4
19     5    20
19     6     1
19     6     2
19     6    20
19     7     1
19     7     2
19     7    20
19     8     1
19     8     9
19     8    11
19     8    12
19     8    13
19     8    20
19     9     1
19     9    11
19     9    12
19     9    13
19     9    20
19    10     1
19    10    12
19    10    20
19    11     1
19    11     9
19    11    12
19    11    20
19    12     1
19    12     9
19    12    13
19    12    20
19    13     1
19    13    12
19    13    20
19    14     1
19    14     2
19    14     5
19    14    12
19    14    20
19    15     1
19    15    12
19    15    13
19    15    20
19    16     1
19    16    11
19    16    12
19    16    15
19    16    20
19    17     1
19    17     9
19    17    12
19    17    20
19    18     1
19    18     5
19    18    11
19    18    14
19    18    20
19    20     1
19    20     5
19    20     9
19    20    11
19    20    12
19    20    21
19    20    22
19    21     1
19    21     9
19    21    11
19    21    20
19    22     1
19    22    13
19    22    20
19    23     1
19    23     9
19    23    11
19    23    12
19    23    20
19    24     1
19    24    12
19    24    20
19    25     1
19    25    12
19    25    20
19    26     1
19    26    12
19    26    20
19    27     1
19    27    13
19    27    20
19    27    29
19    28     1
19    28    12
19    28    20
19    28    35
19    29     1
19    29     4
19    29     9
19    29    12
19    29    20
19    29    27
19    30     1
19    30     5
19    30    20
19    31     1
19    31     5
19    31    20
19    31    30
19    32     1
19    32     5
19    32    20
19    32    30
19    32    31
19    33     1
19    33     5
19    33    20
19    33    31
19    33    32
19    34     1
19    34    16
19    34    20
19    34    27
19    34    29
19    35     1
19    35     5
19    35    12
19    35    20
19    35    28
19    36     1
19    36    11
19    36    12
19    36    20
19    36    30
20     1     2
20     1     3
20     1    13
20     1    26
20     2     1
20     2     3
20     2    12
20     2    13
20     3     1
20     3     2
20     3     4
20     3     5
20     3    14
20     4     1
20     4     2
20     4     9
20     4    11
20     5     3
20     5    14
20     5    18
20     6     5
20     6    14
20     6    26
20     7     1
20     7     2
20     7     5
20     8     1
20     8     9
20     8    11
20     8    13
20     9     1
20     9     4
20     9     8
20     9    11
20     9    21
20    10     1
20    10     2
20    10    13
20    10    15
20    11     8
20    11    13
20    11    21
20    11    24
20    12     2
20    12     8
20    12    13
20    12    26
20    13    11
20    13    21
20    13    24
20    13    26
20    14     1
20    14     3
20    14     5
20    14    25
20    15    13
20    15    14
20    15    22
20    15    26
20    16     2
20    16    13
20    16    14
20    17     2
20    17    11
20    17    13
20    17    26
20    18     3
20    18     5
20    18    14
20    19    13
20    19    15
20    19    17
20    19    26
20    21     9
20    21    11
20    21    26
20    22    13
20    22    15
20    22    26
20    23     8
20    23     9
20    23    13
20    23    26
20    24     1
20    24    11
20    24    21
20    24    26
20    25     5
20    25    14
20    25    24
20    25    26
20    26    13
20    26    21
20    26    22
20    26    24
20    27    13
20    27    21
20    27    24
20    27    26
20    28     5
20    28    14
20    28    15
20    29     4
20    29     9
20    29    17
20    30     3
20    30     5
20    30    14
20    30    26
20    31     1
20    31     5
20    31    26
20    31    30
20    32     5
20    32    22
20    32    28
20    33     5
20    33    13
20    33    18
20    33    30
20    34    12
20    34    26
20    34    29
20    34    36
20    35    14
20    35    19
20    35    28
20    36     1
20    36    13
20    36    26
20    36    34
21     1     4
21     2     1
21     4     9
21     4    11
21     8    11
21     9    11
21     9    21
21    10     9
21    11     9
21    11    21
21    12    13
21    13    12
21    15     1
21    16     9
21    17     9
21    17    11
21    18     5
21    18    21
21    19     2
21    20    21
21    22     1
21    23     9
21    24    13
21    25    21
21    26     1
21    27    21
21    29     9
21    33     5
21    36    24
22     1     2
22     1     4
22     1    13
22     1    26
22     2     1
22     2     4
22     2    13
22     2    17
22     3     2
22     3     4
22     3     5
22     3     7
22     3    13
22     3    14
22     3    17
22     3    18
22     3    20
22     3    28
22     4     1
22     4     2
22     4     3
22     4    17
22     4    26
22     4    29
22     5     1
22     5     3
22     5     7
22     5    14
22     5    28
22     5    32
22     5    35
22     6     2
22     6     3
22     6     5
22     6     7
22     6    14
22     6    32
22     7     2
22     7     3
22     7     5
22     7    14
22     7    35
22     8     1
22     8     9
22     8    11
22     8    12
22     8    13
22     8    21
22     9     4
22     9    11
22     9    12
22     9    13
22     9    21
22     9    27
22    10     2
22    10     4
22    10    16
22    10    17
22    10    20
22    11     9
22    11    13
22    11    21
22    12     8
22    12     9
22    12    13
22    12    17
22    13     1
22    13     2
22    13    13
22    13    21
22    13    26
22    14     3
22    14     5
22    14    17
22    14    28
22    15     2
22    15     4
22    15    12
22    15    13
22    15    17
22    16     2
22    16     4
22    16    17
22    16    26
22    17     2
22    17     4
22    17    12
22    17    13
22    18     3
22    18     5
22    18    14
22    19     2
22    19     4
22    19    13
22    19    17
22    20     1
22    20     2
22    20    11
22    20    13
22    21     9
22    21    11
22    21    13
22    21    26
22    23     4
22    23    11
22    23    13
22    24     4
22    24    13
22    24    20
22    25     3
22    25    12
22    25    17
22    26     2
22    26     4
22    26    13
22    26    17
22    27     2
22    27     4
22    27     9
22    27    11
22    27    13
22    27    21
22    28     3
22    28     5
22    28    17
22    28    19
22    29     4
22    29     9
22    29    12
22    29    17
22    30     3
22    30     5
22    30    32
22    30    35
22    31     3
22    31     5
22    31    32
22    32     3
22    32     4
22    32     5
22    32    35
22    33     3
22    33     5
22    33    32
22    33    35
22    34     4
22    34    16
22    34    17
22    35     3
22    35     5
22    35    32
22    36     1
22    36    13
22    36    24
23     1     2
23     1     3
23     1     4
23     1     5
23     2     1
23     2     4
23     3     1
23     3     2
23     3     4
23     4     1
23     4     2
23     5     1
23     5     4
23     6     1
23     6     4
23     6     5
23     7     1
23     7     2
23     7     5
23     8     9
23     8    11
23     9    11
23     9    21
23    10     2
23    11     9
23    11    21
23    12     9
23    12    13
23    13    21
23    13    26
23    14     5
23    14    20
23    15    20
23    16    20
23    17     2
23    18     5
23    19     2
23    20    21
23    21    11
23    22    20
23    24    26
23    25    26
23    26    24
23    27     9
23    28    35
23    29    27
23    29    34
23    30     5
23    31    32
23    32    31
23    33    31
23    33    32
23    34    29
23    35    28
23    36    34
24     1     2
24     1     4
24     2     1
24     3     1
24     4     1
24     4     9
24     4    11
24     5     1
24     5    11
24     6     1
24     6    11
24     6    20
24     7     5
24     8     9
24     8    11
24     9    11
24     9    21
24    10    17
24    10    20
24    11     9
24    11    21
24    12    13
24    13    20
24    13    21
24    13    24
24    14     1
24    14     5
24    14    20
24    15     2
24    15     4
24    15    20
24    16    13
24    16    17
24    17     1
24    17    20
24    18     5
24    18    11
24    19    20
24    19    26
24    20    13
24    20    21
24    20    24
24    21    11
24    21    13
24    22     1
24    22    20
24    22    26
24    23     9
24    23    13
24    25    24
24    25    26
24    26    13
24    26    24
24    27     9
24    27    23
24    27    26
24    28     5
24    28    17
24    29    24
24    29    26
24    29    27
24    30     1
24    30    11
24    30    31
24    30    32
24    31     5
24    31    20
24    31    24
24    32     5
24    32    30
24    33     5
24    33    31
24    33    33
24    34    16
24    34    29
24    34    36
24    35    14
24    35    31
24    36    13
24    36    20
24    36    26
25     1     2
25     1     4
25     2     1
25     2     4
25     2    17
25     3     1
25     4     1
25     4     2
25     4     9
25     5     1
25     5     2
25     5     4
25     5     6
25     6     2
25     6     4
25     6     5
25     7     2
25     7     5
25     8     1
25     8     4
25     8     9
25    10     1
25    10     2
25    10     4
25    11     1
25    11     4
25    11     9
25    12     2
25    12     4
25    12     9
25    12    13
25    13     1
25    13     2
25    13     4
25    13    12
25    14     4
25    14    17
25    14    20
25    15     2
25    15     4
25    15    12
25    16     2
25    16     4
25    17     2
25    17     4
25    17     9
25    17    12
25    18     5
25    19     2
25    19     4
25    19    12
25    20     1
25    20     2
25    20     4
25    21     1
25    21     4
25    21     9
25    21    11
25    22     1
25    22     2
25    22     4
25    22    13
25    23     1
25    23     4
25    23     9
25    24     1
25    24     4
25    24     8
25    24     9
25    24    12
25    24    13
25    26     1
25    26     4
25    26    12
25    26    13
25    26    20
25    27     1
25    27     4
25    28     4
25    28     5
25    28    20
25    29     2
25    29     4
25    29     9
25    29    12
25    30     1
25    30     4
25    30     5
25    30    14
25    31     1
25    31     4
25    31     5
25    31    14
25    32     1
25    32     4
25    32     5
25    32    14
25    33     1
25    33     4
25    33     5
25    33    14
25    34     2
25    34     4
25    34    12
25    34    15
25    35     4
25    35     5
25    35    12
25    35    14
25    35    20
25    36     1
25    36    24
26     1     2
26     2     1
26     3     1
26     4     9
26     4    21
26     5    18
26     6     5
26     6    20
26     7     5
26     8     9
26     8    11
26     9    11
26     9    21
26    10     2
26    11     9
26    11    21
26    12    13
26    13    12
26    14    20
26    15    20
26    16    27
26    17     2
26    18     5
26    19    20
26    20    21
26    21     9
26    21    20
26    22    20
26    23     9
26    24    20
26    24    21
26    27    21
26    28     5
26    29     9
26    30    26
26    31    24
26    32    22
26    33    23
26    34    29
26    35     5
26    36    34
27     1     2
27     1     4
27     2     9
27     3     1
27     3     2
27     4     9
27     5     4
27     5    18
27     5    20
27     6     5
27     7     2
27     8     9
27     8    11
27     9    11
27     9    27
27    10    12
27    11     9
27    12     2
27    13    20
27    13    21
27    13    24
27    14    17
27    14    20
27    15     4
27    16     2
27    17     2
27    18     5
27    19    20
27    20    13
27    20    21
27    21     9
27    22    20
27    23     1
27    24    13
27    25     9
27    26     1
27    26    24
27    28    17
27    29     9
27    30    22
27    31     5
27    32     5
27    33     5
27    34    16
27    34    29
27    35    17
27    35    19
27    36    26
27    36    34
28     1     3
28     2     4
28     2    17
28     3     4
28     3    14
28     3    28
28     4     9
28     4    17
28     5    18
28     6     5
28     7     5
28     8     1
28     8    14
28     9     4
28     9    17
28    10    12
28    10    17
28    11    13
28    12    13
28    13    12
28    13    24
28    14    17
28    14    20
28    15     4
28    16    34
28    17     1
28    17     4
28    17     9
28    18     5
28    19    20
28    20    14
28    21    11
28    22    20
28    23    13
28    24    13
28    25    14
28    26     1
28    26    13
28    26    30
28    27     9
28    27    20
28    27    29
28    29     4
28    29     9
28    29    27
28    30     5
28    30    20
28    31    24
28    32    14
28    33     5
28    33    13
28    34    16
28    34    29
28    35    19
28    35    20
28    36    13
29     1    20
29     1    26
29     2    16
29     2    17
29     3     5
29     4     9
29     5    20
29     6     5
29     7     5
29     8     9
29     9    11
29    10     2
29    10    16
29    11     9
29    12     9
29    12    13
29    13    24
29    13    26
29    14    17
29    14    25
29    14    28
29    15    17
29    15    20
29    16    17
29    16    34
29    17     9
29    17    18
29    17    20
29    18     5
29    18    28
29    19    20
29    19    26
29    20     9
29    20    13
29    20    21
29    20    24
29    21     9
29    21    20
29    22    13
29    22    20
29    22    26
29    23    24
29    23    26
29    24    13
29    24    20
29    24    21
29    24    26
29    25     5
29    25    28
29    26    13
29    26    20
29    26    24
29    27    20
29    27    21
29    27    24
29    27    26
29    28     5
29    28    25
29    28    35
29    30     5
29    30    28
29    30    31
29    30    32
29    31     5
29    31    28
29    31    32
29    32     5
29    32    28
29    32    31
29    33     5
29    33    31
29    34    16
29    34    17
29    34    26
29    34    36
29    35    14
29    35    19
29    35    28
29    35    30
29    35    31
29    35    32
29    35    33
29    36    13
29    36    20
29    36    34
30     1     2
30     2     1
30     3     2
30     4     9
30     5    18
30     6     5
30     7     5
30     8    11
30     9     4
30     9    27
30    10     2
30    11     9
30    13    24
30    14    20
30    14    25
30    15    17
30    16    34
30    17    20
30    17    26
30    18     5
30    19    35
30    22    20
30    23    27
30    24    13
30    25    14
30    26    17
30    27    26
30    28    25
30    29    27
30    31    35
30    32    14
30    33     5
30    34    36
30    35    31
30    36    24
30    36    34
31     1     2
31     1     4
31     2     4
31     4     2
31     5    18
31     6     5
31     7     5
31     8     1
31     9    11
31    10     9
31    11     9
31    12    13
31    13    12
31    15    22
31    16    17
31    17     4
31    17     9
31    18     5
31    20    13
31    21    13
31    23    24
31    24    13
31    24    26
31    25    24
31    26    24
31    27    13
31    28     5
31    28    31
31    29    13
31    30    22
31    32     5
31    32    28
31    33    30
31    33    31
31    34    29
31    35    28
31    35    31
31    36    13
31    36    26
32     1    22
32     2    22
32     3    22
32     4    22
32     5    22
32     6    22
32     7    22
32     8    22
32     9    22
32    10    22
32    11    22
32    12    22
32    13    22
32    14    22
32    15    22
32    16    22
32    17    22
32    18    22
32    19    22
32    20    22
32    21    22
32    22    15
32    23    22
32    24    22
32    25    22
32    26    22
32    27    22
32    28    22
32    29    22
32    30    22
32    31    22
32    33    22
32    34    22
32    35    22
32    36    22
33     1     2
33     2     1
33     3    14
33     3    18
33     4    11
33     5     4
33     5    33
33     6     5
33     7     5
33     8     1
33     9     4
33    10    13
33    11     8
33    12     2
33    12    13
33    13     2
33    14     3
33    15    20
33    16    34
33    17     4
33    18     5
33    19    35
33    22    13
33    23     8
33    23    13
33    24    13
33    25    28
33    26    13
33    27     4
33    27     9
33    28    25
33    29    17
33    30     5
33    31     5
33    32     5
33    34    16
33    35    19
33    36    13
34     1     2
34     1     4
34     2     1
34     2    10
34     2    16
34     2    17
34     3     1
34     3     5
34     3     6
34     4     1
34     4     2
34     4    17
34     5    18
34     6     5
34     6     7
34     7     5
34     7    18
34     8    11
34     8    12
34     8    13
34     9    11
34     9    21
34    10     2
34    10    16
34    11     8
34    11     9
34    11    12
34    12    13
34    13    12
34    13    21
34    13    26
34    14    17
34    15    10
34    15    12
34    16     2
34    16    10
34    17     2
34    17     4
34    17    12
34    18     5
34    19    15
34    20    13
34    20    21
34    21     9
34    21    11
34    21    13
34    21    20
34    22     1
34    22    12
34    23    13
34    23    24
34    23    26
34    24     1
34    24    13
34    24    26
34    25     5
34    25    18
34    26     1
34    26    20
34    26    24
34    27    23
34    27    24
34    27    26
34    28    14
34    28    17
34    29    27
34    30     5
34    30    28
34    31    28
34    32    28
34    32    31
34    33    28
34    33    31
34    35    15
34    35    28
34    35    31
34    36    13
34    36    26
35     1    26
35     2     3
35     2    17
35     3     2
35     4     9
35     5    19
35     6     5
35     7     5
35     9    24
35    10     2
35    11    26
35    12    17
35    13    24
35    14    17
35    15    19
35    16    12
35    17    14
35    18     5
35    19    28
35    20    26
35    21    24
35    22    26
35    23    26
35    24    13
35    25    24
35    26    20
35    27     9
35    28     5
35    29    17
35    30     5
35    31     5
35    32     5
35    33     5
35    34    17
35    36    26
36     1     4
36     1     5
36     1    20
36     1    26
36     2    16
36     2    17
36     2    20
36     3     4
36     3     5
36     3    20
36     4     8
36     4     9
36     4    11
36     4    20
36     5     4
36     5    20
36     6     5
36     6    20
36     7     5
36     7    20
36     8     4
36     8     9
36     8    11
36     8    20
36     9     4
36     9     8
36     9    11
36     9    20
36     9    27
36    10     2
36    10    16
36    10    17
36    10    20
36    11     4
36    11     8
36    11     9
36    11    20
36    11    21
36    12    16
36    12    17
36    12    20
36    12    26
36    13     4
36    13     9
36    13    20
36    13    21
36    14     5
36    14    20
36    15     4
36    15     9
36    15    20
36    16     2
36    16    17
36    16    20
36    17     2
36    17    16
36    17    20
36    17    26
36    18     5
36    18    20
36    19    20
36    20     4
36    20     5
36    20    11
36    20    13
36    21     8
36    21     9
36    21    11
36    21    20
36    22    20
36    23    13
36    23    20
36    23    21
36    24    13
36    24    20
36    24    26
36    25     5
36    25    20
36    26    17
36    26    20
36    26    24
36    27     9
36    27    20
36    28     5
36    28    20
36    29     9
36    29    20
36    29    34
36    30     5
36    30    20
36    31     5
36    31    20
36    31    32
36    31    35
36    32     5
36    32    20
36    32    31
36    32    35
36    33     5
36    33    20
36    33    31
36    33    32
36    33    35
36    34    16
36    34    20
36    34    29
36    35     5
36    35    20
36    35    28
36    35    31
36    35    32

